20000	00000000
40000	00000000
60000	00000000
80000	00000000
100000	00000000
120000	00000000
140000	00000000
160000	00000004
180000	00000000
200000	00000008
220000	00000000
240000	0000000c
260000	00000000
280000	00000010
300000	00000000
320000	00000014
340000	00000000
360000	00000018
380000	00000000
400000	0000001c
420000	00000000
440000	00000020
460000	00000000
480000	00000024
500000	00000000
520000	00000028
540000	00000000
560000	0000002c
580000	00000000
600000	00000030
620000	00000000
640000	00000034
660000	00000000
680000	00000038
700000	00000000
720000	0000003c
740000	00000000
760000	00000040
780000	00000000
800000	00000044
820000	00000000
840000	00000048
860000	00000000
880000	0000004c
900000	00000000
920000	00000050
940000	00000000
960000	00000054
980000	00000000
1000000	00000058
1020000	00000000
1040000	0000005c
1060000	00000000
1080000	00000060
1100000	00000000
1120000	00000064
1140000	00000000
1160000	00000068
1180000	00000000
1200000	0000006c
1220000	00000000
1240000	00000070
1260000	00000000
1280000	00000074
1300000	00000000
1320000	00000078
1340000	00000000
1360000	0000007c
1380000	00000000
1400000	00000080
1420000	00000000
1440000	00000084
1460000	00000000
1480000	00000088
1500000	00000000
1520000	0000008c
1540000	00000000
1560000	00000090
1580000	00000000
1600000	00000000
1620000	00000000
1640000	000008d4
1660000	00000000
1680000	000008d8
1700000	00000000
1720000	000008dc
1740000	00000000
1760000	000008e0
1780000	00000000
1800000	000008e4
1820000	00000000
1840000	000008e8
1860000	00000000
1880000	000008ec
1900000	00000000
1920000	000008f0
1940000	00000000
1960000	000008f4
1980000	00000000
2000000	000008f8
2020000	000008f8
2040000	000008f8
2060000	00000000
2080000	000008fc
2100000	000008fc
2120000	000008fc
2140000	00000900
2160000	00000000
2180000	00000904
2200000	00000000
2220000	00000908
2240000	00000000
2260000	0000090c
2280000	00000000
2300000	00000910
2320000	00000000
2340000	00000914
2360000	00000000
2380000	00000918
2400000	00000000
2420000	0000091c
2440000	00000000
2460000	00000920
2480000	00000000
2500000	00000924
2520000	00000000
2540000	00000000
2560000	00000000
2580000	000008f8
2600000	000008f8
2620000	000008f8
2640000	00000000
2660000	000008fc
2680000	000008fc
2700000	000008fc
2720000	00000900
2740000	00000000
2760000	00000904
2780000	00000000
2800000	00000908
2820000	00000000
2840000	0000090c
2860000	00000000
2880000	00000910
2900000	00000000
2920000	00000914
2940000	00000000
2960000	00000918
2980000	00000000
3000000	0000091c
3020000	00000000
3040000	00000920
3060000	00000000
3080000	00000924
3100000	00000000
3120000	00000000
3140000	00000000
3160000	000008f8
3180000	000008f8
3200000	000008f8
3220000	00000000
3240000	000008fc
3260000	000008fc
3280000	000008fc
3300000	00000900
3320000	00000000
3340000	00000904
3360000	00000000
3380000	00000908
3400000	00000000
3420000	0000090c
3440000	00000000
3460000	00000910
3480000	00000000
3500000	00000914
3520000	00000000
3540000	00000918
3560000	00000000
3580000	0000091c
3600000	00000000
3620000	00000920
3640000	00000000
3660000	00000924
3680000	00000000
3700000	00000000
3720000	00000000
3740000	000008f8
3760000	000008f8
3780000	000008f8
3800000	00000000
3820000	000008fc
3840000	000008fc
3860000	000008fc
3880000	00000900
3900000	00000000
3920000	00000904
3940000	00000000
3960000	00000908
3980000	00000000
4000000	0000090c
4020000	00000000
4040000	00000910
4060000	00000000
4080000	00000914
4100000	00000000
4120000	00000918
4140000	00000000
4160000	0000091c
4180000	00000000
4200000	00000920
4220000	00000000
4240000	00000924
4260000	00000000
4280000	00000928
4300000	00000000
4320000	0000092c
4340000	00000000
4360000	00000930
4380000	00000000
4400000	00000934
4420000	00000000
4440000	00000000
4460000	00000000
4480000	00000790
4500000	00000000
4520000	00000794
4540000	00000000
4560000	00000798
4580000	00000000
4600000	0000079c
4620000	00000000
4640000	000007a0
4660000	00000000
4680000	000007a4
4700000	00000000
4720000	000007a8
4740000	00000000
4760000	000007ac
4780000	000007ac
4800000	000007ac
4820000	00000000
4840000	000007b0
4860000	000007b0
4880000	000007b0
4900000	00000000
4920000	00000000
4940000	000007b4
4960000	000007b8
4980000	000007b8
5000000	000007b8
5020000	00000000
5040000	000007bc
5060000	000007bc
5080000	000007bc
5100000	00000000
5120000	00000000
5140000	000007c0
5160000	000007c4
5180000	00000000
5200000	000007c8
5220000	00000000
5240000	000007cc
5260000	00000000
5280000	000007d0
5300000	00000000
5320000	000007d4
5340000	00000000
5360000	000007d8
5380000	00000000
5400000	000007dc
5420000	000007dc
5440000	000007dc
5460000	00000000
5480000	000007e0
5500000	000007e0
5520000	000007e0
5540000	00000000
5560000	00000000
5580000	000007e4
5600000	000007e8
5620000	00000000
5640000	000007ec
5660000	000007ec
5680000	000007ec
5700000	00000000
5720000	00000000
5740000	000007f0
5760000	000007f4
5780000	000007f4
5800000	000007f4
5820000	00000000
5840000	00000000
5860000	000007f8
5880000	000007fc
5900000	00000000
5920000	00000800
5940000	00000000
5960000	00000804
5980000	00000000
6000000	00000808
6020000	00000000
6040000	0000080c
6060000	00000000
6080000	00000810
6100000	00000000
6120000	00000814
6140000	00000000
6160000	00000818
6180000	00000000
6200000	0000081c
6220000	00000000
6240000	00000820
6260000	00000000
6280000	00000824
6300000	00000000
6320000	00000828
6340000	00000000
6360000	0000082c
6380000	00000000
6400000	00000830
6420000	00000830
6440000	00000830
6460000	00000000
6480000	00000000
6500000	00000834
6520000	00000838
6540000	00000838
6560000	00000838
6580000	00000000
6600000	00000000
6620000	0000083c
6640000	00000840
6660000	00000000
6680000	00000844
6700000	00000844
6720000	00000844
6740000	00000000
6760000	00000848
6780000	0000084c
6800000	00000000
6820000	00000850
6840000	00000000
6860000	00000854
6880000	00000000
6900000	00000858
6920000	00000000
6940000	0000085c
6960000	00000000
6980000	00000860
7000000	00000000
7020000	00000864
7040000	00000000
7060000	00000868
7080000	00000000
7100000	0000086c
7120000	00000000
7140000	00000870
7160000	00000000
7180000	00000874
7200000	00000000
7220000	00000878
7240000	00000878
7260000	00000878
7280000	00000000
7300000	00000000
7320000	0000087c
7340000	00000880
7360000	00000880
7380000	00000880
7400000	00000000
7420000	00000000
7440000	00000884
7460000	00000888
7480000	00000000
7500000	0000088c
7520000	00000000
7540000	00000890
7560000	00000000
7580000	00000894
7600000	00000000
7620000	00000898
7640000	00000000
7660000	0000089c
7680000	0000089c
7700000	0000089c
7720000	00000000
7740000	00000000
7760000	000008a0
7780000	000008a4
7800000	00000000
7820000	000008a8
7840000	00000000
7860000	000008ac
7880000	00000000
7900000	000008b0
7920000	00000000
7940000	000008b4
7960000	00000000
7980000	000008b8
8000000	00000000
8020000	000008bc
8040000	00000000
8060000	000008c0
8080000	00000000
8100000	000008c4
8120000	00000000
8140000	000008c8
8160000	000008c8
8180000	000008c8
8200000	00000000
8220000	000008cc
8240000	000008d0
8260000	00000000
8280000	00000000
8300000	00000000
8320000	00000938
8340000	00000938
8360000	00000938
8380000	00000000
8400000	00000000
8420000	0000093c
8440000	00000940
8460000	00000940
8480000	00000940
8500000	00000940
8520000	00000000
8540000	00000000
8560000	00000944
8580000	00000948
8600000	00000948
8620000	00000948
8640000	00000948
8660000	00000000
8680000	00000000
8700000	0000094c
8720000	00000950
8740000	00000950
8760000	00000950
8780000	00000950
8800000	00000000
8820000	00000000
8840000	00000954
8860000	00000958
8880000	00000000
8900000	0000095c
8920000	00000000
8940000	00000960
8960000	00000000
8980000	00000964
9000000	00000000
9020000	00000968
