20000	00000000
40000	00000000
60000	00000000
80000	00000000
100000	00000000
120000	00000000
140000	00000000
160000	00000004
180000	00000000
200000	00000008
220000	00000000
240000	0000000c
260000	00000000
280000	00000010
300000	00000000
320000	00000014
340000	00000000
360000	00000018
380000	00000000
400000	0000001c
420000	00000000
440000	00000020
460000	00000000
480000	00000024
500000	00000000
520000	00000028
540000	00000000
560000	0000002c
580000	00000000
600000	00000030
620000	00000000
640000	00000034
660000	00000000
680000	00000038
700000	00000000
720000	0000003c
740000	00000000
760000	00000040
780000	00000000
800000	00000044
820000	00000000
840000	00000048
860000	00000000
880000	0000004c
900000	00000000
920000	00000050
940000	00000000
960000	00000054
980000	00000000
1000000	00000058
1020000	00000000
1040000	0000005c
1060000	00000000
1080000	00000060
1100000	00000000
1120000	00000064
1140000	00000000
1160000	00000068
1180000	00000000
1200000	0000006c
1220000	00000000
1240000	00000070
1260000	00000000
1280000	00000074
1300000	00000000
1320000	00000078
1340000	00000000
1360000	0000007c
1380000	00000000
1400000	00000080
1420000	00000000
1440000	00000084
1460000	00000000
1480000	00000088
1500000	00000000
1520000	0000008c
1540000	00000000
1560000	00000090
1580000	00000000
1600000	00000000
1620000	00000000
1640000	000008d4
1660000	00000000
1680000	000008d8
1700000	00000000
1720000	000008dc
1740000	00000000
1760000	000008e0
1780000	00000000
1800000	000008e4
1820000	00000000
1840000	000008e8
1860000	000008e8
1880000	000008e8
1900000	00000000
1920000	00000000
1940000	000008ec
1960000	000008f0
1980000	000008f0
2000000	000008f0
2020000	000008f0
2040000	00000000
2060000	00000000
2080000	000008f4
2100000	000008f8
2120000	000008f8
2140000	000008f8
2160000	000008f8
2180000	00000000
2200000	00000000
2220000	000008fc
2240000	00000900
2260000	00000900
2280000	00000900
2300000	00000900
2320000	00000000
2340000	00000000
2360000	00000904
2380000	00000908
2400000	00000000
2420000	0000090c
2440000	00000000
2460000	00000910
2480000	00000000
2500000	00000914
2520000	00000000
2540000	00000000
2560000	00000000
2580000	00000790
2600000	00000000
2620000	00000794
2640000	00000000
2660000	00000798
2680000	00000000
2700000	0000079c
2720000	00000000
2740000	000007a0
2760000	00000000
2780000	000007a4
2800000	00000000
2820000	000007a8
2840000	00000000
2860000	000007ac
2880000	000007ac
2900000	000007ac
2920000	00000000
2940000	000007b0
2960000	000007b0
2980000	000007b0
3000000	00000000
3020000	00000000
3040000	000007b4
3060000	000007b8
3080000	000007b8
3100000	000007b8
3120000	00000000
3140000	000007bc
3160000	000007bc
3180000	000007bc
3200000	00000000
3220000	00000000
3240000	000007c0
3260000	000007c4
3280000	00000000
3300000	000007c8
3320000	00000000
3340000	000007cc
3360000	00000000
3380000	000007d0
3400000	00000000
3420000	000007d4
3440000	00000000
3460000	000007d8
3480000	00000000
3500000	000007dc
3520000	000007dc
3540000	000007dc
3560000	00000000
3580000	000007e0
3600000	000007e0
3620000	000007e0
3640000	00000000
3660000	00000000
3680000	000007e4
3700000	000007e8
3720000	00000000
3740000	000007ec
3760000	000007ec
3780000	000007ec
3800000	00000000
3820000	00000000
3840000	000007f0
3860000	000007f4
3880000	000007f4
3900000	000007f4
3920000	00000000
3940000	00000000
3960000	000007f8
3980000	000007fc
4000000	00000000
4020000	00000800
4040000	00000000
4060000	00000804
4080000	00000000
4100000	00000808
4120000	00000000
4140000	0000080c
4160000	00000000
4180000	00000810
4200000	00000000
4220000	00000814
4240000	00000000
4260000	00000818
4280000	00000000
4300000	0000081c
4320000	00000000
4340000	00000820
4360000	00000000
4380000	00000824
4400000	00000000
4420000	00000828
4440000	00000000
4460000	0000082c
4480000	00000000
4500000	00000830
4520000	00000830
4540000	00000830
4560000	00000000
4580000	00000000
4600000	00000834
4620000	00000838
4640000	00000838
4660000	00000838
4680000	00000000
4700000	00000000
4720000	0000083c
4740000	00000840
4760000	00000000
4780000	00000844
4800000	00000844
4820000	00000844
4840000	00000000
4860000	00000848
4880000	0000084c
4900000	00000000
4920000	00000850
4940000	00000000
4960000	00000854
4980000	00000000
5000000	00000858
5020000	00000000
5040000	0000085c
5060000	00000000
5080000	00000860
5100000	00000000
5120000	00000864
5140000	00000000
5160000	00000868
5180000	00000000
5200000	0000086c
5220000	00000000
5240000	00000870
5260000	00000000
5280000	00000874
5300000	00000000
5320000	00000878
5340000	00000878
5360000	00000878
5380000	00000000
5400000	00000000
5420000	0000087c
5440000	00000880
5460000	00000880
5480000	00000880
5500000	00000000
5520000	00000000
5540000	00000884
5560000	00000888
5580000	00000000
5600000	0000088c
5620000	00000000
5640000	00000890
5660000	00000000
5680000	00000894
5700000	00000000
5720000	00000898
5740000	00000000
5760000	0000089c
5780000	0000089c
5800000	0000089c
5820000	00000000
5840000	00000000
5860000	000008a0
5880000	000008a4
5900000	00000000
5920000	000008a8
5940000	00000000
5960000	000008ac
5980000	00000000
6000000	000008b0
6020000	00000000
6040000	000008b4
6060000	00000000
6080000	000008b8
6100000	00000000
6120000	000008bc
6140000	00000000
6160000	000008c0
6180000	00000000
6200000	000008c4
6220000	00000000
6240000	000008c8
6260000	000008c8
6280000	000008c8
6300000	00000000
6320000	000008cc
6340000	000008d0
6360000	00000000
6380000	00000000
6400000	00000000
6420000	00000918
6440000	00000918
6460000	00000918
6480000	00000000
6500000	00000000
6520000	0000091c
6540000	00000920
6560000	00000920
6580000	00000920
6600000	00000920
6620000	00000000
6640000	00000000
6660000	00000924
6680000	00000928
6700000	00000928
6720000	00000928
6740000	00000928
6760000	00000000
6780000	00000000
6800000	0000092c
6820000	00000930
6840000	00000930
6860000	00000930
6880000	00000930
6900000	00000000
6920000	00000000
6940000	00000934
6960000	00000938
6980000	00000000
7000000	0000093c
7020000	00000000
7040000	00000940
7060000	00000000
7080000	00000944
7100000	00000000
7120000	00000948
