20000	00000000
40000	00000000
60000	00000000
80000	00000000
100000	00000000
120000	00000000
140000	00000000
160000	00000000
180000	00000004
200000	00000000
220000	00000008
240000	00000000
260000	0000000c
280000	00000000
300000	00000010
320000	00000000
340000	00000014
360000	00000000
380000	00000018
400000	00000000
420000	0000001c
440000	00000000
460000	00000020
480000	00000000
500000	00000024
520000	00000000
540000	00000028
560000	00000000
580000	0000002c
600000	00000000
620000	00000030
640000	00000000
660000	00000034
680000	00000000
700000	00000038
720000	00000000
740000	0000003c
760000	00000000
780000	00000040
800000	00000000
820000	00000044
840000	00000000
860000	00000048
880000	00000000
900000	0000004c
920000	00000000
940000	00000050
960000	00000000
980000	00000054
1000000	00000000
1020000	00000058
1040000	00000000
1060000	0000005c
1080000	00000000
1100000	00000060
1120000	00000000
1140000	00000064
1160000	00000000
1180000	00000068
1200000	00000000
1220000	0000006c
1240000	00000000
1260000	00000070
1280000	00000000
1300000	00000074
1320000	00000000
1340000	00000078
1360000	00000000
1380000	0000007c
1400000	00000000
1420000	00000080
1440000	00000000
1460000	00000084
1480000	00000000
1500000	00000088
1520000	00000000
1540000	0000008c
1560000	00000000
1580000	00000090
1600000	00000000
1620000	00000000
1640000	00000000
1660000	000008d4
1680000	00000000
1700000	000008d8
1720000	00000000
1740000	000008dc
1760000	00000000
1780000	000008e0
1800000	00000000
1820000	000008e4
1840000	00000000
1860000	00000000
1880000	00000000
1900000	000008e8
1920000	00000000
1940000	00000000
1960000	000008ec
1980000	00000000
2000000	00000000
2020000	00000000
2040000	000008f0
2060000	00000000
2080000	00000000
2100000	000008f4
2120000	00000000
2140000	00000000
2160000	00000000
2180000	000008f8
2200000	00000000
2220000	00000000
2240000	000008fc
2260000	00000000
2280000	00000000
2300000	00000000
2320000	00000900
2340000	00000000
2360000	00000000
2380000	00000904
2400000	00000908
2420000	00000000
2440000	0000090c
2460000	00000000
2480000	00000910
2500000	00000000
2520000	00000914
2540000	00000000
2560000	00000000
2580000	00000000
2600000	00000790
2620000	00000000
2640000	00000794
2660000	00000000
2680000	00000798
2700000	00000000
2720000	0000079c
2740000	00000000
2760000	000007a0
2780000	00000000
2800000	000007a4
2820000	00000000
2840000	000007a8
2860000	00000000
2880000	00000000
2900000	00000000
2920000	000007ac
2940000	00000000
2960000	00000000
2980000	00000000
3000000	000007b0
3020000	00000000
3040000	00000000
3060000	000007b4
3080000	00000000
3100000	00000000
3120000	000007b8
3140000	00000000
3160000	00000000
3180000	00000000
3200000	000007bc
3220000	00000000
3240000	00000000
3260000	000007c0
3280000	000007c4
3300000	00000000
3320000	000007c8
3340000	00000000
3360000	000007cc
3380000	00000000
3400000	000007d0
3420000	00000000
3440000	000007d4
3460000	00000000
3480000	000007d8
3500000	00000000
3520000	00000000
3540000	00000000
3560000	000007dc
3580000	00000000
3600000	00000000
3620000	00000000
3640000	000007e0
3660000	00000000
3680000	00000000
3700000	000007e4
3720000	000007e8
3740000	00000000
3760000	00000000
3780000	00000000
3800000	000007ec
3820000	00000000
3840000	00000000
3860000	000007f0
3880000	00000000
3900000	00000000
3920000	000007f4
3940000	00000000
3960000	00000000
3980000	000007f8
4000000	000007fc
4020000	00000000
4040000	00000800
4060000	00000000
4080000	00000804
4100000	00000000
4120000	00000808
4140000	00000000
4160000	0000080c
4180000	00000000
4200000	00000810
4220000	00000000
4240000	00000814
4260000	00000000
4280000	00000818
4300000	00000000
4320000	0000081c
4340000	00000000
4360000	00000820
4380000	00000000
4400000	00000824
4420000	00000000
4440000	00000828
4460000	00000000
4480000	0000082c
4500000	00000000
4520000	00000000
4540000	00000000
4560000	00000830
4580000	00000000
4600000	00000000
4620000	00000834
4640000	00000000
4660000	00000000
4680000	00000838
4700000	00000000
4720000	00000000
4740000	0000083c
4760000	00000840
4780000	00000000
4800000	00000000
4820000	00000000
4840000	00000844
4860000	00000000
4880000	00000848
4900000	0000084c
4920000	00000000
4940000	00000850
4960000	00000000
4980000	00000854
5000000	00000000
5020000	00000858
5040000	00000000
5060000	0000085c
5080000	00000000
5100000	00000860
5120000	00000000
5140000	00000864
5160000	00000000
5180000	00000868
5200000	00000000
5220000	0000086c
5240000	00000000
5260000	00000870
5280000	00000000
5300000	00000874
5320000	00000000
5340000	00000000
5360000	00000000
5380000	00000878
5400000	00000000
5420000	00000000
5440000	0000087c
5460000	00000000
5480000	00000000
5500000	00000880
5520000	00000000
5540000	00000000
5560000	00000884
5580000	00000888
5600000	00000000
5620000	0000088c
5640000	00000000
5660000	00000890
5680000	00000000
5700000	00000894
5720000	00000000
5740000	00000898
5760000	00000000
5780000	00000000
5800000	00000000
5820000	0000089c
5840000	00000000
5860000	00000000
5880000	000008a0
5900000	000008a4
5920000	00000000
5940000	000008a8
5960000	00000000
5980000	000008ac
6000000	00000000
6020000	000008b0
6040000	00000000
6060000	000008b4
6080000	00000000
6100000	000008b8
6120000	00000000
6140000	000008bc
6160000	00000000
6180000	000008c0
6200000	00000000
6220000	000008c4
6240000	00000000
6260000	00000000
6280000	00000000
6300000	000008c8
6320000	00000000
6340000	000008cc
6360000	000008d0
6380000	00000000
6400000	00000000
6420000	00000000
6440000	00000000
6460000	00000000
6480000	00000918
6500000	00000000
6520000	00000000
6540000	0000091c
6560000	00000000
6580000	00000000
6600000	00000000
6620000	00000920
6640000	00000000
6660000	00000000
6680000	00000924
6700000	00000000
6720000	00000000
6740000	00000000
6760000	00000928
6780000	00000000
6800000	00000000
6820000	0000092c
6840000	00000000
6860000	00000000
6880000	00000000
6900000	00000930
6920000	00000000
6940000	00000000
6960000	00000934
6980000	00000938
7000000	00000000
7020000	0000093c
7040000	00000000
7060000	00000940
7080000	00000000
7100000	00000944
7120000	00000000
