20000	xxxxxxxx
40000	00000000
60000	00000000
80000	00000000
100000	00000004
120000	00000004
140000	00000008
160000	00000008
180000	0000000c
200000	0000000c
220000	00000010
240000	00000010
260000	00000014
280000	00000014
300000	00000018
320000	00000018
340000	0000001c
360000	0000001c
380000	00000020
400000	00000020
420000	00000024
440000	00000024
460000	00000028
480000	00000028
500000	0000002c
520000	0000002c
540000	00000030
560000	00000030
580000	00000034
600000	00000034
620000	00000038
640000	00000038
660000	0000003c
680000	0000003c
700000	00000040
720000	00000040
740000	00000044
760000	00000044
780000	00000048
800000	00000048
820000	0000004c
840000	0000004c
860000	00000050
880000	00000050
900000	00000054
920000	00000054
940000	00000058
960000	00000058
980000	0000005c
1000000	0000005c
1020000	00000060
1040000	00000060
1060000	00000064
1080000	00000064
1100000	00000068
1120000	00000068
1140000	0000006c
1160000	0000006c
1180000	00000070
1200000	00000070
1220000	00000074
1240000	00000074
1260000	00000078
1280000	00000078
1300000	0000007c
1320000	0000007c
1340000	00000080
1360000	00000080
1380000	00000084
1400000	00000084
1420000	00000088
1440000	00000088
1460000	0000008c
1480000	0000008c
1500000	00000090
1520000	00000090
1540000	00000094
1560000	00000094
1580000	00000740
1600000	00000740
1620000	00000744
1640000	00000744
1660000	00000748
1680000	00000748
1700000	0000074c
1720000	0000074c
1740000	00000750
1760000	00000750
1780000	00000754
1800000	00000754
1820000	00000758
1840000	00000758
1860000	0000075c
1880000	0000075c
1900000	00000760
1920000	00000760
1940000	00000764
1960000	00000764
1980000	00000768
2000000	00000768
2020000	00000768
2040000	00000768
2060000	0000076c
2080000	0000076c
2100000	00000770
2120000	00000770
2140000	00000774
2160000	00000774
2180000	00000778
2200000	00000778
2220000	0000077c
2240000	0000077c
2260000	00000780
2280000	00000780
2300000	00000780
2320000	00000784
2340000	00000784
2360000	00000788
2380000	00000788
2400000	00000788
2420000	00000788
2440000	0000078c
2460000	0000078c
2480000	00000790
2500000	00000790
2520000	00000790
2540000	00000790
2560000	00000794
2580000	00000794
2600000	00000798
2620000	00000798
2640000	00000798
2660000	00000798
2680000	0000079c
2700000	0000079c
2720000	000007a0
2740000	000007a0
2760000	000007a0
2780000	000007a0
2800000	000007a4
2820000	000007a4
2840000	000007a8
2860000	000007a8
2880000	000007ac
2900000	000007ac
2920000	000007ac
2940000	000007ac
2960000	000007b0
2980000	000007b0
3000000	000007b4
3020000	000007b4
3040000	000007b4
3060000	000007b4
3080000	000007b8
3100000	000007b8
3120000	000007bc
3140000	000007bc
3160000	000007bc
3180000	000007bc
3200000	000007c0
3220000	000007c0
3240000	000007c4
3260000	000007c4
3280000	000007c4
3300000	000007c4
3320000	000007c8
3340000	000007c8
3360000	000007cc
3380000	000007cc
3400000	000007d0
3420000	000007d0
3440000	000007d4
3460000	000007d4
3480000	000007d8
3500000	000007d8
3520000	000007dc
3540000	000007dc
3560000	000007e0
3580000	000007e0
3600000	000007e4
3620000	000007d8
3640000	000007d8
3660000	000007dc
3680000	000007dc
3700000	000007e0
3720000	000007e0
3740000	000007e4
3760000	000007d8
3780000	000007d8
3800000	000007dc
3820000	000007dc
3840000	000007e0
3860000	000007e0
3880000	000007e4
3900000	000007d8
3920000	000007d8
3940000	000007dc
3960000	000007dc
3980000	000007e0
4000000	000007e0
4020000	000007e4
4040000	000007d8
4060000	000007d8
4080000	000007dc
4100000	000007dc
4120000	000007e0
4140000	000007e0
4160000	000007e4
4180000	000007d8
4200000	000007d8
4220000	000007dc
4240000	000007dc
4260000	000007e0
4280000	000007e0
4300000	000007e4
4320000	000007d8
4340000	000007d8
4360000	000007dc
4380000	000007dc
4400000	000007e0
4420000	000007e0
4440000	000007e4
4460000	000007d8
4480000	000007d8
4500000	000007dc
4520000	000007dc
4540000	000007e0
4560000	000007e0
4580000	000007e4
4600000	000007d8
4620000	000007d8
4640000	000007dc
4660000	000007dc
4680000	000007e0
4700000	000007e0
4720000	000007e4
4740000	000007d8
4760000	000007d8
4780000	000007dc
4800000	000007dc
4820000	000007e0
4840000	000007e0
4860000	000007e4
4880000	000007e4
4900000	000007e8
4920000	000007e8
4940000	000007ec
4960000	000007ec
4980000	000007f0
5000000	000007f0
5020000	000007f4
5040000	000007f4
5060000	000007f8
5080000	000007f8
5100000	000007fc
5120000	000007fc
5140000	00000800
5160000	00000800
5180000	00000804
5200000	00000804
5220000	00000808
5240000	00000808
5260000	0000080c
5280000	0000080c
5300000	00000810
5320000	00000810
5340000	00000814
5360000	00000814
5380000	00000818
5400000	00000818
5420000	0000081c
5440000	0000081c
