20000	00000000
40000	00000000
60000	00000000
80000	00000000
100000	00000000
120000	00000000
140000	00000000
160000	00000004
180000	00000000
200000	00000008
220000	00000000
240000	0000000c
260000	00000000
280000	00000010
300000	00000000
320000	00000014
340000	00000000
360000	00000018
380000	00000000
400000	0000001c
420000	00000000
440000	00000020
460000	00000000
480000	00000024
500000	00000000
520000	00000028
540000	00000000
560000	0000002c
580000	00000000
600000	00000030
620000	00000000
640000	00000034
660000	00000000
680000	00000038
700000	00000000
720000	0000003c
740000	00000000
760000	00000040
780000	00000000
800000	00000044
820000	00000000
840000	00000048
860000	00000000
880000	0000004c
900000	00000000
920000	00000050
940000	00000000
960000	00000054
980000	00000000
1000000	00000058
1020000	00000000
1040000	0000005c
1060000	00000000
1080000	00000060
1100000	00000000
1120000	00000064
1140000	00000000
1160000	00000068
1180000	00000000
1200000	0000006c
1220000	00000000
1240000	00000070
1260000	00000000
1280000	00000074
1300000	00000000
1320000	00000078
1340000	00000000
1360000	0000007c
1380000	00000000
1400000	00000080
1420000	00000000
1440000	00000084
1460000	00000000
1480000	00000088
1500000	00000000
1520000	0000008c
1540000	00000000
1560000	00000090
1580000	00000000
1600000	00000000
1620000	00000000
1640000	000008d4
1660000	00000000
1680000	000008d8
1700000	00000000
1720000	000008dc
1740000	00000000
1760000	000008e0
1780000	00000000
1800000	000008e4
1820000	00000000
1840000	000008e8
1860000	00000000
1880000	000008ec
1900000	00000000
1920000	000008f0
1940000	00000000
1960000	000008f4
1980000	00000000
2000000	000008f8
2020000	000008f8
2040000	000008f8
2060000	00000000
2080000	000008fc
2100000	000008fc
2120000	000008fc
2140000	00000900
2160000	00000000
2180000	00000904
2200000	00000000
2220000	00000908
2240000	00000000
2260000	0000090c
2280000	00000000
2300000	00000910
2320000	00000000
2340000	00000914
2360000	00000000
2380000	00000918
2400000	00000000
2420000	0000091c
2440000	00000000
2460000	00000000
2480000	00000000
2500000	000008f8
2520000	000008f8
2540000	000008f8
2560000	00000000
2580000	000008fc
2600000	000008fc
2620000	000008fc
2640000	00000900
2660000	00000000
2680000	00000904
2700000	00000000
2720000	00000908
2740000	00000000
2760000	0000090c
2780000	00000000
2800000	00000910
2820000	00000000
2840000	00000914
2860000	00000000
2880000	00000918
2900000	00000000
2920000	0000091c
2940000	00000000
2960000	00000000
2980000	00000000
3000000	000008f8
3020000	000008f8
3040000	000008f8
3060000	00000000
3080000	000008fc
3100000	000008fc
3120000	000008fc
3140000	00000900
3160000	00000000
3180000	00000904
3200000	00000000
3220000	00000908
3240000	00000000
3260000	0000090c
3280000	00000000
3300000	00000910
3320000	00000000
3340000	00000914
3360000	00000000
3380000	00000918
3400000	00000000
3420000	0000091c
3440000	00000000
3460000	00000000
3480000	00000000
3500000	000008f8
3520000	000008f8
3540000	000008f8
3560000	00000000
3580000	000008fc
3600000	000008fc
3620000	000008fc
3640000	00000900
3660000	00000000
3680000	00000904
3700000	00000000
3720000	00000908
3740000	00000000
3760000	0000090c
3780000	00000000
3800000	00000910
3820000	00000000
3840000	00000914
3860000	00000000
3880000	00000918
3900000	00000000
3920000	0000091c
3940000	00000000
3960000	00000920
3980000	00000000
4000000	00000924
4020000	00000000
4040000	00000928
4060000	00000000
4080000	0000092c
4100000	00000000
4120000	00000000
4140000	00000000
4160000	00000790
4180000	00000000
4200000	00000794
4220000	00000000
4240000	00000798
4260000	00000000
4280000	0000079c
4300000	00000000
4320000	000007a0
4340000	00000000
4360000	000007a4
4380000	00000000
4400000	000007a8
4420000	00000000
4440000	000007ac
4460000	000007ac
4480000	000007ac
4500000	00000000
4520000	000007b0
4540000	000007b0
4560000	000007b0
4580000	00000000
4600000	00000000
4620000	000007b4
4640000	000007b8
4660000	000007b8
4680000	000007b8
4700000	00000000
4720000	000007bc
4740000	000007bc
4760000	000007bc
4780000	00000000
4800000	00000000
4820000	000007c0
4840000	000007c4
4860000	00000000
4880000	000007c8
4900000	00000000
4920000	000007cc
4940000	00000000
4960000	000007d0
4980000	00000000
5000000	000007d4
5020000	00000000
5040000	000007d8
5060000	00000000
5080000	000007dc
5100000	000007dc
5120000	000007dc
5140000	00000000
5160000	000007e0
5180000	000007e0
5200000	000007e0
5220000	00000000
5240000	00000000
5260000	000007e4
5280000	000007e8
5300000	00000000
5320000	000007ec
5340000	000007ec
5360000	000007ec
5380000	00000000
5400000	00000000
5420000	000007f0
5440000	000007f4
5460000	000007f4
5480000	000007f4
5500000	00000000
5520000	00000000
5540000	000007f8
5560000	000007fc
5580000	00000000
5600000	00000800
5620000	00000000
5640000	00000804
5660000	00000000
5680000	00000808
5700000	00000000
5720000	0000080c
5740000	00000000
5760000	00000810
5780000	00000000
5800000	00000814
5820000	00000000
5840000	00000818
5860000	00000000
5880000	0000081c
5900000	00000000
5920000	00000820
5940000	00000000
5960000	00000824
5980000	00000000
6000000	00000828
6020000	00000000
6040000	0000082c
6060000	00000000
6080000	00000830
6100000	00000830
6120000	00000830
6140000	00000000
6160000	00000000
6180000	00000834
6200000	00000838
6220000	00000838
6240000	00000838
6260000	00000000
6280000	00000000
6300000	0000083c
6320000	00000840
6340000	00000000
6360000	00000844
6380000	00000844
6400000	00000844
6420000	00000000
6440000	00000848
6460000	0000084c
6480000	00000000
6500000	00000850
6520000	00000000
6540000	00000854
6560000	00000000
6580000	00000858
6600000	00000000
6620000	0000085c
6640000	00000000
6660000	00000860
6680000	00000000
6700000	00000864
6720000	00000000
6740000	00000868
6760000	00000000
6780000	0000086c
6800000	00000000
6820000	00000870
6840000	00000000
6860000	00000874
6880000	00000000
6900000	00000878
6920000	00000878
6940000	00000878
6960000	00000000
6980000	00000000
7000000	0000087c
7020000	00000880
7040000	00000880
7060000	00000880
7080000	00000000
7100000	00000000
7120000	00000884
7140000	00000888
7160000	00000000
7180000	0000088c
7200000	00000000
7220000	00000890
7240000	00000000
7260000	00000894
7280000	00000000
7300000	00000898
7320000	00000000
7340000	0000089c
7360000	0000089c
7380000	0000089c
7400000	00000000
7420000	00000000
7440000	000008a0
7460000	000008a4
7480000	00000000
7500000	000008a8
7520000	00000000
7540000	000008ac
7560000	00000000
7580000	000008b0
7600000	00000000
7620000	000008b4
7640000	00000000
7660000	000008b8
7680000	00000000
7700000	000008bc
7720000	00000000
7740000	000008c0
7760000	00000000
7780000	000008c4
7800000	00000000
7820000	000008c8
7840000	000008c8
7860000	000008c8
7880000	00000000
7900000	000008cc
7920000	000008d0
7940000	00000000
7960000	00000000
7980000	00000000
8000000	00000930
8020000	00000930
8040000	00000930
8060000	00000000
8080000	00000000
8100000	00000934
8120000	00000938
8140000	00000938
8160000	00000938
8180000	00000938
8200000	00000000
8220000	00000000
8240000	0000093c
8260000	00000940
8280000	00000940
8300000	00000940
8320000	00000940
8340000	00000000
8360000	00000000
8380000	00000944
8400000	00000948
8420000	00000948
8440000	00000948
8460000	00000948
8480000	00000000
8500000	00000000
8520000	0000094c
8540000	00000950
8560000	00000000
8580000	00000954
8600000	00000000
8620000	00000958
8640000	00000000
8660000	0000095c
8680000	00000000
8700000	00000960
